-4.6266,95.152
-6.6505,93.796
3.8128,101.15
5.0972,103.99
36.51,125.3
-12.101,89.538
-3.0024,96.224
32.045,122.46
7.8709,104.33
-5.4639,95.195
8.2034,105.28
-4.7704,94.225
17.527,111.52
-10.217,91.058
-9.7982,91.783
-2.5562,95.81
-11.941,89.648
2.8718,101.48
-0.73619,98.238
2.4768,100.45
1.1611,97.822
-3.0004,96.002
6.8872,103.72
15.891,109.74
-8.243,93.082
-13.816,88.768
13.319,107.91
12.062,107.05
-2.2958,98.159
-4.9915,94.885
10.613,106.17
7.7845,104.79
4.1676,103.36
-6.2142,95.501
7.9097,104.17
-10.178,92.532
0.24634,98.345
-9.8768,92.578
-4.568,95.048
2.4632,99.981
-2.2039,96.558
-6.7804,93.733
-19.826,84.45
0.22795,97.771
17.089,110.17
-3.6962,96.92
5.9923,102.87
11.28,105.57
9.9945,105.55
11.689,106.76
-1.1824,97.699
-10.91,91.35
10.12,105.66
8.4538,106.16
-0.25345,98.843
-1.3311,96.801
15.026,110.25
8.0034,105.05
-5.3528,94.987
-3.009,97.515
14.254,109.48
-2.4314,96.93
4.6641,101.3
18.055,111.72
-10.381,89.958
6.8219,102.24
-7.8279,93.597
5.0775,103.38
6.8629,103.33
-4.0322,94.852
-2.4761,96.831
-1.9083,95.941
3.3846,102.4
-9.6799,91.611
12.37,107.39
-17.433,84.067
-4.5336,95.776
23.264,116.28
7.5776,104.87
4.9473,103.21
29.512,118.17
0.2306,99.974
10.629,106.02
0.23575,99.411
-1.765,95.985
6.1004,103.52
-2.9139,97.351
5.5396,102.13
-0.14087,98.264
13.11,108.82
-3.4518,96.189
-5.4725,93.789
8.534,103.57
1.7916,98.766
-4.8848,95.095
25.65,116.61
-3.8377,95.871
-1.3107,98.565
8.0249,104.87
4.6375,101.15
11.036,106.94
5.5068,102.78
1.8844,100.83
-7.9069,94.088
8.3395,104.15
8.5109,104.98
-0.60704,97.874
11.81,107.3
14.612,108.82
-4.0154,95.841
11.011,106.52
30.423,118.1
2.4248,99.72
10.498,105.5
-4.8749,94.323
0.0089964,99.311
11.366,107.26
9.1097,105.22
-13.78,88.239
13.215,108.12
13.203,108.9
-8.7268,91.571
10.603,108.08
-3.6911,96.501
0.97278,100.35
3.9534,101.87
15.422,110.34
9.6739,104.81
-11.99,91.006
4.6272,102.87
-20.24,84.645
-16.437,87.486
-6.1388,94.787
7.1821,103.12
-6.8563,93.865
6.8348,104.18
-2.4769,97.332
8.979,103.83
20.805,114.81
-1.1832,98.113
5.9078,102.78
21.896,113.54
-5.9003,96.136
-14.466,87.677
6.8403,103.96
2.7328,100.75
-6.7581,93.485
-8.9971,91.111
5.9092,103.74
5.3115,101.34
9.5519,106.04
3.0833,102.34
-10.199,90.647
13.155,109.24
-9.5947,91.878
3.05,101.39
10.716,105.1
17.726,111.58
2.153,100.26
10.698,105.91
10.954,106.47
-4.1521,95.662
-1.2349,96.763
-9.6743,91.266
11.422,106.1
23.21,115.73
1.1407,99.838
-11.427,90.784
-4.448,95.21
10.715,106.62
6.6004,104.45
-2.3168,95.35
0.80309,99.147
9.4398,106.56
-5.698,94.079
15.711,110.99
-10.866,88.875
7.3843,103.88
8.775,105.62
3.0358,100.32
13.998,108.43
5.9714,102.26
0.85288,98.478
7.7876,105.13
4.8074,101.67
10.563,107.11
-7.9991,91.243
9.1168,104.87
21.016,114.24
10.87,106.17
26.045,117.15
-6.0449,93.841
-0.12767,98.632
-11.029,91.122
4.5032,103.17
14.01,109.78
-0.53498,97.525
7.8805,102.48
-11.574,90.879
5.0446,103.64
-5.1816,95.046
-14.269,87.167
-9.9188,91.909
-3.6203,94.47
11.167,106.49
-3.5777,95.344
11.532,107.03
9.0215,104.21
-6.787,94.282
8.4141,102.72
13.576,107.76
-4.9774,95.263
13.79,109.72
-1.1068,99.442
-13.897,87.754
-0.57512,97.864
0.45297,98.882
21.965,114.32
3.258,101.03
-5.065,95.314
-15.972,86.642
17.287,111.26
1.5419,99.504
0.047084,98.272
29.616,119.31
6.2258,103.32
-13.817,88.031
9.3145,104.13
24.025,115.78
-0.43806,99.408
-8.4771,92.034
-4.7278,96.54
-2.3651,97.413
21.087,114.25
-0.55905,97.806
13.595,108.67
1.5169,98.506
13.819,109.92
-18.498,85.728
16.413,111.67
-6.0074,95.782
3.1396,101.57
5.5766,103.82
1.8005,100.79
-7.3128,93.92
-6.4985,92.068
11.773,106.17
-2.7825,96.618
16.229,109.89
17.209,111.38
104.64,13.421
97.213,10.846
94.253,-7.9066
95.93,-10.308
105.89,-1.0673
99.884,-4.0709
94.892,-13.357
105.47,-23.443
84.314,-16.694
109.07,5.6123
100.17,-5.6072
99.105,5.2328
100.11,-20.554
94.27,-9.9892
98.757,-5.6353
89.854,-7.87
99.68,-1.9596
90.172,6.1181
111.74,0.015772
106.69,-8.6206
101.24,12.982
103.44,1.9809
104.4,-5.3578
107.49,-4.6143
85.018,5.9337
98.32,9.3779
101.2,-9.1651
102.74,2.4033
101.44,6.2836
101.79,1.6507
107.26,4.7851
89.967,0.47875
92.064,-18.677
95.148,4.0757
102.09,-2.7866
96.151,-13.137
92.152,-6.1813
82.065,-4.1786
92.754,2.0406
115.88,11.716
105.46,-0.15531
117.51,20.376
98.97,-8.7087
95.051,-7.4491
89.816,7.9909
103.01,14.287
101.31,1.047
109.47,3.0597
98.308,0.098916
87.185,-10.349
106.79,7.5497
92.204,-6.6971
106.42,1.2864
95.754,-14.028
106.47,-4.9511
97.097,-2.3172
98.931,-8.6993
98.056,0.50537
109.39,11.233
88.719,6.0832
86.583,2.1859
93.398,-15.877
104.18,3.2988
113.97,19.713
97.046,-7.4948
89.976,-18.488
100.87,-1.5667
94.851,-4.5222
91.094,0.50905
102.86,-4.0346
96.585,6.7274
96.777,10.834
82.624,-17.191
108.49,-8.3028
87.701,13.68
102.48,3.1872
107.44,13.448
102.52,-8.6705
111.36,11.831
98.012,1.3406
105.76,1.7765
99.4,22.16
99.425,7.4245
111.27,-10.802
109.05,-10.147
118.9,-3.1219
96.217,-5.1908
99.51,-3.7674
101.11,-2.0117
106.32,15.342
94.363,-5.2013
102.24,-5.0486
95.798,-8.3954
89.469,-15.85
103.17,-2.4708
78.531,-15.776
96.18,-15.391
114.05,-1.9527
97.905,-3.567
93.755,5.937
103.08,-3.8894
99.526,10.628
111.26,7.8355
94.4,-0.68991
96.376,-13.015
98.897,13.234
102.4,-9.5578
86.471,-5.378
100.85,-6.693
108.15,2.6703
109.45,-0.79599
99.03,5.8314
97.584,1.0563
97.895,4.0011
104.8,14.998
97.664,-6.0101
103.69,-9.1091
101.84,-2.3221
89.509,-13.81
104.95,10.967
110.6,-1.4197
102.94,5.5022
104.37,6.9655
101.41,3.8083
106.45,14.567
85.332,-10.436
91.523,-4.8697
107.33,1.3453
95.211,18.743
94.316,-6.5011
94.798,-13.828
105.72,1.2423
94.186,7.2859
89.512,-14.733
98.873,2.0698
102.07,-31.229
104.53,1.751
108.55,-0.39607
110.25,-6.7829
86.155,-0.69628
102.06,-0.90121
102.72,10.864
97.907,3.0785
107.34,3.8318
96.786,11.175
108.01,-0.79822
100.76,-3.8185
104.69,5.2412
108.16,7.3903
94.694,-5.4384
120.14,-0.91296
90.602,2.4741
91.765,1.1728
105.48,-8.884
110.65,0.37065
97.08,-4.6764
103.28,5.9185
110.38,5.0162
95.726,19.083
100.21,2.8024
96.594,4.0696
98.912,2.7417
101.36,-5.1791
96.629,-2.6753
99.655,15.488
107.4,-3.0829
105.09,-1.5224
95.731,-10.705
90.493,-8.063
97.078,-7.1066
102.34,-10.774
88.986,-9.9431
98.788,2.9543
92.76,-2.4007
98.917,-11.733
98.657,-11.374
103.71,11.805
113.51,-9.1622
95.684,-9.8576
97.235,8.8001
102.74,4.2273
91.452,-17.593
92.788,-7.2521
103.52,0.056824
96.347,6.0422
101.6,-11.167
105.69,0.35602
104.78,5.1428
102.51,7.6757
105.03,-10.748
80.626,-19.212
85.479,-7.535
97.705,-5.1588
116.1,9.3448
104.32,3.7716
108.19,-7.7109
92.747,-7.3618
114.55,7.5515
92.302,-16.745
98.631,-12.092
88.717,2.8465
113.81,1.2307
97.6,-15.614
95.003,-6.4331
94.232,-16.015
102.06,-6.9187
95.687,-10.237
99.429,-1.9742
108.12,-2.5895
97.269,4.572
98.324,2.3902
106.86,13.309
107.49,12.565
108.5,8.0935
106.15,14.768
106.46,-4.9179
113.62,14.157
99.996,3.8461
103.48,3.8955
110.12,3.5483
90.734,-0.945
88.972,2.9211
101.46,10.001
97.615,5.5929
89.318,13.887
99.905,-11.261
97.339,-10.649
102.66,-2.7334
109.89,5.681
82.474,4.5526
89.624,3.0096
101.49,9.0493
98.494,12.533
99.198,0.76985
102.47,-7.9431
102.34,6.4394
101.85,5.233
105.09,13.078
95.289,16.016
99.816,2.6155
107.31,6.9447
99.036,-13.414
108.98,7.8061
86.258,-4.159
99.052,-19.039
107.77,6.0513
111.31,21.689
104.03,14.052
109.05,6.642
105.7,0.41554
93.028,-6.0576
108.48,24.889
97.962,-7.9549
108.9,19.142
107.55,12.728
97.687,9.8168
107.58,2.9805
89.488,-0.83571
98.277,-3.425
94.183,-7.5632
97.363,-6.0093
110.75,16.637
96.526,-0.78997
99.732,-2.7217
99.023,-2.3822
90.961,-21.038
93.712,-5.9468
96.992,-4.2199
108.24,16.524
108.62,6.0459
105.85,7.2718
98.463,-3.0733
92.414,-0.062008
97.448,-18.309
108.63,8.4552
94.737,-0.28366
102.11,16.401
104.28,0.11968
103.36,12.472
100.78,-3.3977
100.12,4.0901
106.68,16.028
104.91,10.837
104.16,4.3725
105.63,1.5871
103.98,-13.255
112.71,3.2856
102.16,10.746
106.48,7.9287
91.394,-12.215
107.28,7.3823
91.683,9.0179
99.911,-17.04
89.833,-12.472
81.903,-8.1429
100,-5.1183
105.87,4.9522
109.43,15.41
96.088,-4.917
97.048,0.88592
-138.2,-26.082
-139,-46
-128.23,-30.466
-96.704,3.1399
-146.93,-18.29
-122.2,-4.1347
-132.93,-28.781
-121.84,-27.581
-120.37,-19.603
-141.59,-32.11
-132.9,-33.232
-119.86,14.48
-132.18,-36.441
-114.69,-32.377
-127.47,-8.7159
-135.12,4.8193
-127.68,-6.9049
-125.21,29.367
-124.88,-36.278
-147.78,-65.834
-126.63,-4.0981
-119.29,23.36
-120.99,12.159
-143.15,-19.409
-144.24,-67.053
-122.78,0.43527
-129.68,-44.989
-119.67,3.3769
-131.56,-19.829
-122.52,11.199
-117.31,1.4319
-124.38,-10.065
-120.38,0.2076
-118.09,12.071
-134.17,-23.512
-134.01,-63.395
-110.1,-36.668
-129.39,-16.598
-121.32,6.4686
-118.55,-19.002
-123.83,29.237
-130.92,-42.496
-120.16,-14.127
-134.03,-10.217
-134.17,-2.3228
-129.86,-39.654
-133.98,-3.7708
-124.34,-11.158
-146.69,-51.536
-138.89,-10.576
-120.65,7.272
-123.05,-29.204
-108.62,-1.0369
-115.28,22.995
-108.36,15.494
-111.98,39.188
-123.87,-3.5685
-124.98,0.38959
-134.06,-0.64015
-128.78,28.902
-134.02,-21.71
-128.52,6.8128
-121,25.842
-123.18,-20.811
-134.98,4.824
-134.56,-4.6135
-123.69,-8.7204
-133.85,-37.13
-117.68,-9.4321
-145.55,-71.434
-133.66,-24.201
-134.73,-17.145
-139.5,-32.673
-130.97,-20.478
-119.17,4.269
-116.8,1.3213
-123.56,8.8989
-119.27,3.8544
-119.66,-32.102
-119.92,-8.4979
-116.99,39.684
-135.07,24.93
-130.92,-9.7934
-96.026,15.601
-125.2,-8.027
-135.88,-28.192
-131.88,0.47396
-128.8,2.1861
-133.05,-16.557
-131.55,4.7456
-125.15,36.072
-116.18,-12.714
-136.82,-49.793
-132.17,-35.233
-114.75,-22.701
-135.29,-8.5705
-135.54,-31.479
-132.92,-9.2458
-146.9,-22.96
-126.82,-39.242
-124.29,-13.646
-128.44,15.55
-124.9,-22.643
-123.86,19.616
-132.71,-4.7036
-124.11,-10.166
-137.61,-25.09
-131.64,21.806
-134.33,-12.436
-104.62,18.749
-104.37,-18.811
-131.4,-11.992
-145.31,-19.289
-132.33,-18.885
-120.07,10.578
-120.58,7.1605
-115.49,0.31167
-115.48,-17.505
-124.04,-16.654
-138.89,-25.358
-117.2,-9.2789
-128.48,-19.416
-120.44,32.924
-123.45,-2.539
-143.64,-22.353
-125.99,18.352
-125.79,13.905
-125.78,-24.206
-133.02,4.7524
-120.15,-26.736
-133.65,-17.813
-117.21,15.444
-133.65,14.839
-132.57,-54.3
-129.86,38.646
-148.86,-6.8871
-125.6,16.431
-126.53,-14.958
-110.97,57.863
-119.69,-6.2819
-134.62,1.4552
-149.96,-27.264
-136.92,-9.5747
-128.48,-21.091
-122.81,-15.017
-128.5,4.5935
-118.9,-25.681
-121.75,28.035
-137.45,-37.269
-126.44,0.65839
-143.21,-55.44
-133.62,-27.758
-125.34,-14.664
-130.07,-17.361
-132.56,18.303
-137.24,-79.445
-139.65,-17.23
-115.11,-5.5717
-124.83,-30.078
-127.11,-4.5202
-115.7,3.8303
-125.78,10.735
-123.81,-23.519
-101.12,42.917
-115.42,-8.992
-128.35,-32.59
-129.18,-15.444
-124.01,-18.102
-102.31,24.866
-106.6,-22.859
-119.22,1.2497
-107.75,51.092
-121.33,9.1025
-130.15,-31.619
-122.76,-18.966
-120.29,23.912
-117.95,-5.241
-120.5,-50.79
-111.99,8.2371
-126.09,-32.736
-129.35,-8.4165
-151.22,-17.059
-132.1,-41.763
-145.55,9.0496
-115.62,5.1183
-124.55,-31.299
-135.58,-19.721
-139.67,-9.4634
-136.3,5.2807
-123.39,-44.227
-133.71,-38.447
-124.92,1.5291
-118.52,-1.5536
-139.73,-15.7
-109.32,42.446
-135.19,-13.241
-126.76,-28.42
-147.32,-79.49
-114.77,-13.639
-112.19,8.8507
-126.82,-28.357
-128.91,-45.557
-130.97,-0.74202
-125.88,-33.481
-121.23,17.943
-133.9,-5.7448
-137.87,-16.125
-122.18,0.768
-134.03,-16.068
-104.98,-34.648
-152.74,-29.569
-130.63,7.4804
-118.04,-17.022
-129.75,-13.046
-130.5,7.6422
-125.36,1.2459
-133.85,-38.919
-127.18,-24.252
-132.29,-7.4775
-112.56,0.18196
-130.67,-15.579
-121.38,-3.2882
-105.36,20.215
-146.13,-57.352
-111.34,-7.3883
-129.15,-24.19
-116.27,-9.4695
-115.66,-15.621
-111.81,-12.716
-132.52,-6.8471
-133.87,-8.586
-115.73,3.1201
-116.92,-10.263
-131.31,-8.1804
-152.45,-50.927
-103.66,-9.8844
-125.59,-4.5531
-126.83,17.855
-118.43,-8.189
-130.63,-35.602
-141.57,10.079
-127.33,-12.463
-133.49,-33.587
-136.55,2.4964
-132.42,-19.073
-128.98,-10.339
-106.97,15.006
-130.49,2.8094
-137.24,-14.911
-145.86,-27.957
-130.88,-40.567
-109.13,30.958
-132.48,-15.393
-113.26,14.333
-127.25,-18.036
-115.76,14.522
-120.91,-8.4526
-116.54,-6.9656
-141.59,-11.97
-146.86,-49.826
-131.67,15.841
-135.93,-6.9147
-133.44,-2.9385
-113.22,-44.635
-147.66,-41.171
-119.33,-12.431
-132.81,1.4574
-116.86,4.0032
-139.98,-8.5322
-143.66,-33.986
-131,-21.616
-131.07,-6.0875
-126.08,-21.424
-126.41,-50.363
-141.59,-47.382
-136.66,-43.328
-132.44,-4.5188
-129.77,-9.7453
-110.21,13.106
-132.03,-36.739
-121.7,19.236
-131.74,-12.194
-140.06,-29.03
-132.14,-29.788
-145.43,-34.497
-126.52,-31.155
-122.77,1.9344
-113.92,-3.4108
-135.46,-25.387
-145.53,-12.902
-122,0.75282
-126.48,9.8804
-129.51,-13.746
-112.4,1.3242
-137.29,-40.843
-133.81,-16.157
-119.11,-23.597
-128.99,-0.3193
-117.9,-18.157
-118.26,-3.0284
-151.38,-44.598
-135.64,-7.0288
-132.27,-14.07
-129.14,-20.941
-128.63,-17.601
-119.91,-32.78
-130.58,9.7979
-131.73,-31.066
-132.32,-4.4988
-111.49,25.022
-126.1,-1.2735
-132.69,-13.256
-123.8,-12.634
-116.45,36.943
-114.08,-18.092
-136.39,-31.141
-131.92,-24.558
-127.83,-11.848
-132.05,10.196
-138.52,-49.198
-125.98,20.883
-141.38,-19.474
-114.73,-16.85
-135.41,8.1306
-139.96,-15.762
-134.89,-23.875
-116.56,-5.2765
-120.64,-33.331
-121.52,-14.299
-114.61,24.832
-111.23,2.1267
-114.52,3.9088
-131.97,-29.454
-128.91,-18.019
-133.63,-46.879
-146.4,-58.472
-136.16,-5.8345
-131.97,-30.246
-125.61,-13.03
-135.14,-24.314
-121.52,0.90249
-122.13,9.922
-116.47,-17.129
-120.37,-17.218
-110.99,-9.1716
-127.88,-13.529
-116.02,-8.8034
-126.41,3.6637
-107.76,20.017
-122.85,-12.262
-118.02,-30.002
-134,-30.535
-130.61,2.1046
-104.37,18.866
-134.1,-18.93
-130.42,-19.625
-128.95,5.2601
-124.21,-25.807
-141.33,-45.16
-155.87,-41.86
-121.91,10.958
-132.59,-21.139
-113.81,32.634
-152.9,-38.095
-120.14,7.8248
-125.81,-5.6784
-119.8,-5.315
-134.89,-50.615
-139.54,-17.628
-137.63,-16.233
-124.95,11.438
-137.21,-40.097
-127.95,-30.327
-110.26,19.987
-125.24,-9.8669
-106.37,25.363
-132.26,-44.132
-137.85,-42.603
-135.82,-57.235
-126.15,-2.3962
-136.38,-36.27
-134.02,-41.784
-132.58,-36.691
-134.1,-27.31
-137.99,-3.9294
-142.49,22.73
-150.13,-61.946
-123.33,-4.8834
-122.76,-49.032
-135.46,-24.306
-123.93,-2.0219
-135.24,-35.115
-120.22,22.201
-138.64,-5.9171
-115.17,-2.9128
-135.98,-9.7948
-133.9,-26.556
-118.93,38.185
-125.27,-20.912
-141.42,-34.752
-118.53,-14.774
-125.77,-4.0402
-131.29,-3.5184
-140.55,-42.084
-123.89,22.191
-134.7,-16.104
-135.55,-15.664
-135.34,-54.847
-123.69,-32.77
-124.25,-8.6164
-126.5,-10.506
-116.93,-8.6882
-140.77,-17.376
-123.9,-26.033
-144.62,-30.911
-121.49,3.4165
-126.16,-20.575
-122.11,14.54
-141.15,-20.343
-112.78,17.415
-131.79,2.0984
-126.95,-4.9686
-115.87,-21.127
-122.75,-94.564
-32.796,-62.211
-109.31,-88.031
-84.477,-79.828
-86.894,-90.568
-94.975,-93.157
-79.105,-93.424
-61.973,-77.688
-69.635,-59.835
-9.085,-56.02
-73.854,-84.248
-9.8092,-37.176
-65.871,-74.93
-28.387,-43.635
-15.291,-51.329
-44.225,-63.114
-69.619,-68.419
-64.479,-73.146
-61.518,-70.627
-83.428,-103.59
-29.024,-61.014
-61.908,-64.96
-57.073,-90.072
-137.49,-104.04
-45.529,-68.057
-69.198,-90.106
-21.385,-67.172
-38.201,-75.477
-46.938,-71.922
-55.721,-74.965
-51.069,-62.688
-26.559,-47.807
-88.028,-91.75
-39.626,-77.724
-30.848,-58.27
7.5797,-27.843
-24.669,-50.209
-79.89,-75.986
-51.421,-63.874
-77.366,-94.934
-76.502,-84.791
-50.484,-69.351
-13.424,-42.711
-51.487,-72.097
-57.525,-88.494
-58.455,-98.73
6.1998,-33.905
-67.29,-63.875
-29.303,-64.214
26.471,-20.279
-82.179,-75.81
15.402,-39.922
-46.57,-66.086
-90.43,-81.273
-37.019,-58.584
-30.14,-68.496
-37.465,-71.1
-56.944,-75.497
-78.528,-89.96
-49.359,-55.886
-68.839,-84.47
16.072,-11.645
-48.663,-71.755
-32.771,-60.551
-91.408,-83.405
2.9634,-60.875
-38.47,-58.216
-34.783,-62.043
-7.7786,-52.194
-97.842,-75.146
-49.808,-70.124
-22.591,-68.122
-64.15,-81.664
-78.321,-67.425
-85.666,-78.561
-51.247,-64.397
-21.652,-44.143
-22.684,-47.793
-58.991,-70.952
-56.024,-72.043
-71.91,-77.827
-56.521,-74.922
-35.228,-51.3
15.624,-35.146
-39.32,-52.9
1.6698,-55.516
-74.34,-74.146
-29.798,-72.256
-63.098,-84.416
-46.171,-53.758
-33.001,-77.835
-28.326,-38.856
-77.511,-88.382
-57.589,-73.881
-70.097,-89.385
15.438,-32.294
-7.0056,-52.697
-53.981,-77.852
-39.013,-65.454
-70.485,-70.593
-49.871,-73.22
-49.308,-62.637
-26.115,-39.217
-52.496,-74.697
-34.889,-63.166
-33.171,-67.585
-82.593,-86.614
-91.62,-76.892
-38.677,-71.457
-7.9279,-48.588
-43.274,-71.545
-86.761,-83.124
-23.294,-50.635
-56.44,-76.659
-70.691,-83.725
27.175,-27.563
-55.672,-86.108
-22.192,-51.297
-35.978,-66.886
-60.823,-80.265
-26.376,-53.13
-56.815,-78.473
-14.218,-55.358
-64.933,-79.25
-60.145,-63.174
-123.67,-112.56
-37.71,-68.639
0.45845,-55.679
-37.023,-55.129
-81.193,-76.842
-50.669,-66.734
-35.407,-65.033
-92.268,-90.449
-35.19,-44.382
-100.87,-100.54
-13.825,-53.661
-68.575,-59.551
-30.744,-65.092
-40.623,-50.684
-36.16,-52.894
-17.399,-59.236
-23.893,-53.291
-47.979,-80.684
-49.003,-83.584
-33.011,-52.225
-26.197,-56.329
-65.004,-71.973
-23.581,-62.67
-8.1964,-53.439
-2.6288,-47.227
-66.201,-78.306
-2.697,-55.985
-7.2463,-41.516
-41.247,-58.507
-38.109,-58.422
-11.773,-53.759
-90.384,-90.99
-71.578,-78.15
-69.981,-75.708
-64.657,-82.624
17.182,-22.475
-48.403,-54.472
-53.854,-69.18
-103.17,-101.5
-52.151,-71.866
-61.529,-72.717
-49.028,-67.401
-53.824,-61.106
-108.68,-83.68
-55.017,-64.662
-78.6,-89.649
-91.722,-100.04
-67.35,-71.264
-90.119,-104.76
-58.077,-58.677
-41.042,-68.18
-67.077,-79.622
-42.126,-66.095
-86.641,-98.041
-67.278,-74.892
-63.184,-76.436
-62.97,-80.663
-101.8,-79.676
-75.751,-75.316
-24.261,-39.742
-58.518,-81.08
-28.876,-49.551
-67.88,-83.575
3.8714,-43.608
-31.8,-46.599
-120.42,-104.1
-35.263,-45.698
-91.009,-57.292
-49.133,-75.339
-46.398,-80.46
-46.676,-56.699
-64.769,-74.14
-69.151,-80.989
-52.578,-59.955
-103.03,-93.137
-39.237,-52.976
-18.633,-61.021
-55.263,-58.999
-48.548,-49.358
-55.661,-77.495
-72.275,-98.655
-113.26,-102.23
-23.661,-45.443
-55.1,-65.461
-64.146,-82.657
-100.44,-116.97
-72.382,-67.235
-77.513,-88.602
-58.082,-69.973
-11.007,-41.042
-14.153,-64.17
-38.885,-46.784
-19.835,-60.472
-64.492,-67.072
-26.54,-48.448
-42.769,-52.292
-50.149,-88.396
-45.121,-77.404
-29.192,-43.571
-91.88,-97.034
-36.869,-69.377
-42.666,-60.983
-25.512,-54.9
-24.791,-54.829
-48.28,-71.153
-52.855,-68.693
-20.662,-51.326
-92.478,-85.418
-27.153,-62.921
-114.97,-100.26
-31.378,-67.496
0.94382,-36.684
-55.623,-68.58
32.004,-49.41
-51.223,-57.919
-89.36,-96.992
-20.563,-41.392
-54.939,-69.136
-56.334,-61.1
-17.02,-67.029
-35.809,-59.881
-51.008,-72.793
-58.486,-63.979
-98.592,-91.707
-13.537,-38.737
-29.065,-66.392
-52.551,-74.597
-48.971,-66.453
-47.002,-69.585
7.7284,-42.558
-7.1991,-33.014
-76.65,-87.589
-22.856,-46.87
-15.118,-57.861
-40.839,-52.919
-26.786,-56.674
-76.362,-51.113
-14.202,-58.456
-59.935,-72.166
-45.002,-60.357
-27.302,-55.65
-79.481,-79.212
-1.7577,-50.012
9.0594,-42.981
-33.869,-60.673
33.298,-23.418
-97.448,-122.5
-61.446,-46.291
-24.684,-50.93
-63.654,-88.099
-111.24,-106.16
-47.013,-60.85
-83.379,-90.117
-33.203,-57.025
-62.28,-68.728
-80.664,-84.673
-55.279,-85.792
-37.855,-61.231
-45.548,-73.846
-20.957,-64.469
-52.372,-77.29
-68.302,-77.798
-19.968,-68.424
-29.618,-72.886
-79.99,-93.393
-86.528,-80.14
-36.835,-73.193
-34.574,-55.803
-66.032,-68.996
-48.754,-59.183
-53.809,-72.866
-31.383,-58.791
-39.549,-44.472
-28.125,-46.223
-45.543,-58.287
-3.9451,-5.3872
13.025,17.003
47.368,54.029
30.749,56.659
30.877,35.219
-11.484,31.599
-12.082,-11.673
-16.589,-5.2915
3.1229,11.706
0.70511,35.198
5.3655,37.33
-3.4876,-4.5563
3.2868,16.028
1.5406,13.667
-1.9133,-3.168
31.472,43.747
30.573,36.61
-1.936,35.037
-3.9505,26.932
14.992,25.583
18.698,55.992
-8.4576,22.115
44.834,39.481
-46.298,6.6909
-15.695,2.3685
-27.341,3.9111
-2.6225,11.018
25.302,57.453
13.92,24.054
23.011,33.317
17.44,41.322
-20.287,0.8387
-22.496,10.418
-9.1006,10.337
-14.098,13.548
36.105,49.751
-40.683,-18.526
8.9754,23.34
-10.026,-4.1405
-45.329,5.1771
-21.289,15.972
-13.109,35.099
25.482,59.886
3.6823,30.155
-7.0868,13.189
15.098,25.054
-77.504,-44.125
45.83,45.697
2.8234,-0.43973
-24.322,3.2911
21.21,42.579
23.325,61.519
7.2597,39.306
-8.8032,38.203
25.605,35.543
-35.055,4.0952
5.0579,22.762
2.4388,-0.12842
-3.2958,31.224
1.4714,6.3769
21.597,41.947
0.29363,11.119
0.29707,28.474
-14.978,12.412
-16.305,0.12958
-35.354,3.4705
-33.774,3.4019
-20.823,-17.643
-26.2,-1.8898
-16.914,10.223
-12.094,3.5838
3.3787,18.663
20.51,63.187
16.365,22.746
-5.3811,25.766
5.5731,29.58
21.066,26.64
-12.622,30.424
17.635,53.699
-23.028,8.8511
18.917,28.196
0.92755,18.341
20.706,22.001
5.1713,10.319
-20.714,17.069
-12.561,4.6846
-4.3136,10.844
10.896,34.309
-10.591,-8.1955
-38.878,1.3867
24.045,22.497
-0.057953,36.811
-8.5714,27.327
-12.522,8.0389
32.525,64.446
-8.331,18.588
4.9688,23.743
21.564,50.39
-37.793,17.993
-6.928,34.869
23.19,72.989
-33.828,-31.858
-25.334,-18.977
13.95,38.041
4.6177,46.059
18.614,38.497
-28.252,-16.364
-3.2411,37.984
-12.776,21.834
-14.396,4.4856
-6.8471,4.3784
-16.65,11.6
17.799,27.181
4.9549,-1.3579
-37.627,-16.746
31.787,73.305
-14.498,11.611
17.989,68.118
-13.025,-0.87606
24.471,61.122
16.564,28.764
-2.1567,28.024
2.9064,-18.346
-42.837,-6.8349
43.388,55.479
24.006,41.089
-1.0119,27.56
23.827,42.468
13.566,31.575
31.107,37.86
-30.559,-8.1431
-15.398,-0.032727
-11.231,7.9661
-5.1601,-12.647
3.1775,3.399
-18.662,-0.095513
2.536,8.6524
14.34,21.52
5.3281,34.942
15.531,44.474
-1.4066,6.3708
5.1903,30.531
-9.4059,30.487
31.85,48.697
5.5543,18.935
-11.486,14.666
-13.976,-6.5499
11.31,28.508
7.6127,39.669
-21.052,24.136
48.338,91.169
-34.493,-11.412
-55.321,0.25084
-21.485,2.0888
-12.508,1.7515
-12.77,-8.0753
5.3068,11.014
-27.18,20.569
35.744,44.786
-13.91,12.844
0.19537,20.917
29.314,48.751
-12.326,-3.257
-3.5318,18.549
-23.543,6.533
-27.963,7.8248
-11.087,34.686
12.674,9.7113
-0.70864,12.629
1.2929,21.924
-32.208,-20.136
32.636,38.051
10.701,14.791
-7.6875,39.831
4.3756,32.752
10.799,10.559
-6.8944,39.606
23.964,38.503
-3.8117,24.237
-11.093,14.472
38.855,28.273
18.106,39.826
31.613,42.092
29.576,37.032
1.2122,-15.014
13.795,28.301
-21.712,-10.205
-39.969,-23.891
-2.9559,3.7909
-49.379,-45.397
4.4199,-2.1206
32.05,36.938
4.4044,28.748
11.719,4.5385
24.861,28.636
-9.9046,37.653
-17.813,-6.391
36.421,34.908
-8.3952,24.89
-23.579,-7.8147
2.6653,9.8578
-36.552,-43.511
14.366,28.334
1.4238,28.306
10.815,37.526
-12.92,18.6
-56.274,-25.353
26.036,41.117
-21.458,7.1774
-9.4354,-4.6048
-15.987,-5.1233
71.691,79.567
6.7145,18.608
-3.3788,14.804
-15.128,30.132
-27.593,31.26
-21.019,3.4132
4.213,10.53
-10.398,-7.6824
-41.539,-17.926
15.175,41.205
-14.738,34.813
1.7326,2.3171
36.174,38.708
11.957,19.672
4.8347,27.812
-19.041,9.5457
5.5638,8.8524
20.645,6.917
-23.178,-14.454
1.6564,36.365
-9.3743,-10.823
4.4793,4.1983
-15.876,14.208
12.636,10.557
0.043677,30.99
13.118,25.02
-3.3638,25.195
2.5136,50.446
25.38,45.099
-24.143,6.3088
-1.1419,22.27
8.7546,7.0588
32.314,38.726
44.445,48.327
-7.1179,47.292
-22.212,30.847
8.1476,6.1269
-1.228,16.508
-8.1546,-0.53071
-19.715,-15.947
13.483,39.77
-25.397,-6.7766
-14.739,7.6542
1.2074,37.409
9.8464,17.394
-16.513,10.262
6.6481,28.433
5.2275,7.2757
-20.484,-13.15
7.0454,21.423
-28.523,-4.5435
-29.576,-3.4159
2.624,14.624
-51.346,-12.528
14.235,18.767
-9.5816,21.223
16.791,32.052
25.366,36.366
-13.563,4.8415
-20.678,-12.028
-3.9977,17.071
-46.285,-4.8514
-19.295,-11.59
22.746,24.22
-3.9615,4.145
16.838,24.566
-7.519,27.525
5.9271,42.593
25.946,47.303
28.28,20.272
6.2179,21.184
-40.409,-10.491
-34.151,-2.453
-21.241,19.14
39.404,52.777
30.618,43.144
-19.894,-10.969
1.1684,21.334
18.032,17.955
-12.852,-8.5341
-4.0877,9.2751
22.184,12.642
-14.955,13.693
-10.044,14.582
-19.74,-3.3295
-33.602,-22.188
-11.626,13.586
-21.685,14.376
29.771,23.074
-19.415,16.389
13.247,-2.7466
21.356,50.31
-16.545,-6.0656
34.479,59.999
-1.4362,19.828
23.946,30.518
-12.74,13.736
-8.0043,18.443
-0.33265,4.366
-4.7587,-2.5771
-0.75785,51.157
4.2842,20.305
18.884,21.16
-9.865,-2.3024
-19.964,-0.62147
-0.35008,5.8387
-18.193,-4.2709
10.54,39.885
-14.193,29.537
-16.156,7.7201
-1.5194,-28.9
-6.1931,13.749
-5.6619,14.331
9.6375,54.434
-29.694,-14.041
-42.975,-20.868
8.7595,20.633
13.653,24.45
5.0525,30.336
-10.686,8.2483
-1.9614,18.733
2.9195,25.185
4.6381,9.7278
8.4101,16.599
-24.356,-0.64644
27.49,39.819
-1.3314,13.429
-16.732,28.689
-10.795,15.811
7.0854,20.938
38.842,53.776
31.154,61.79
7.4305,23.204
0.26376,24.621
-2.905,39.252
-3.2587,37.876
15.108,26.824
6.9431,11.607
16.047,21.161
30.578,53.389
0.88331,-5.73
11.845,18.024
6.2334,45.054
-4.1931,7.8872
-15.641,6.6601
-1.6954,-15.753
-22.569,11.586
-0.34119,13.705
36.678,48.776
-3.714,-10.663
-21.545,8.6199
-6.5288,-11.148
-7.8242,-7.0312
-4.8734,24.57
3.9874,38.547
-25.789,-3.0329
-4.8477,24.763
-2.2867,34.848
-45.57,-2.9989
-26.106,-2.7962
-41.662,-29.561
43.646,54.249
-26.601,19.985
-1.7564,39.933
-20.966,5.7512
-35.861,-5.7689
1.1316,28.928
-0.43229,23.584
-3.6644,20.239
47.29,39.39
5.1522,13.087
7.2858,28.505
-17.046,21.202
9.2259,34.648
-0.35997,45.909
-29.228,12.545
-2.4596,13.596
11.426,23.914
-24.157,0.44584
-20.898,-1.9787
13.013,4.4212
-12.491,40.88
-12.533,0.18515
-12.492,6.1165
-5.7997,11.77
12.854,34.333
-37.171,3.227
-13.655,-6.5556
10.8,30.138
38.051,42.644
-15.677,-4.0535
18.039,36.03
-10.501,20.496
10.248,52.863
35.5,55.726
9.9595,15.383
-2.0568,21.078
4.0558,10.991
-16.746,8.5329
-2.9409,20.182
17.723,30.405
-9.7122,0.58315
-22.822,15.151
-3.0944,7.5418
-22.281,-15.218
-6.8432,16.959
-54.212,-14.957
9.6538,48.5
-9.2927,5.196
2.0434,12.649
12.189,33.048
-3.6293,20.849
24.819,53.193
-21.512,28.946
-22.848,6.6728
-18.575,21.16
5.2058,31.316
8.4191,31.929
15.362,33.082
7.0764,36.791
1.4164,23.078
37.538,52.858
-12.491,13.706
47.543,40.2
12.154,21.366
17.144,48.086
-4.8418,2.0802
-8.6599,28.968
37.192,61.676
10.081,66.472
-35.784,-0.93255
-26.613,-11.152
3.9693,36.19
-18.237,38.44
-2.5608,27.466
17.197,47.622
56.2,56.617
49.544,52.404
4.878,17.544
-16.547,12.229
28.601,41.176
-11.283,31.09
29.438,20.278
-9.4993,18.554
-28.689,-20.165
-24.407,5.3745
-20.946,17.092
-30.13,-6.7907
-25.521,-14.251
14.635,16.56
18.418,11.133
12.955,41.993
-20.097,23.483
23.912,34.609
-15.401,-0.23011
20.853,30.299
-11.231,-1.3285
8.044,17.382
21.527,19.703
18.313,17.15
-24.905,-6.2444
-7.555,17.603
-25.774,-16.175
-28.319,24.773
-45.235,-9.3149
45.636,34.188
-25.276,11.223
-16.585,-7.4396
28.71,27.317
22.554,35.089
8.2749,20.13
-50.652,-32.958
18.411,30.734
-18.119,10.81
-27.712,-14.685
15.865,19.22
7.8285,26.342
36.667,49.135
45.594,59.566
3.527,22.279
10.005,13.738
12.538,27.362
4.9011,25.937
11.943,9.9435
8.1231,31.917
-22.762,18.164
17.947,26.18
17.95,50.524
-19.776,14.602
